#       Npoints             RC            PMF         PMF-sd         PMF+sd             sd
#-----------------------------------------------------------------------------------------
            114       -0.21048        0.38446        0.20511        0.56380        0.17935
            421       -0.17048        0.31244        0.20240        0.42248        0.11004
           1238       -0.13048        0.23638        0.14930        0.32345        0.08707
           2908       -0.09048        0.15164        0.06633        0.23694        0.08531
           5461       -0.05048        0.06256       -0.02466        0.14978        0.08722
           7888       -0.01048        0.00658       -0.07860        0.09175        0.08518
           9154        0.02952       -0.01527       -0.10002        0.06947        0.08475
           9733        0.06952       -0.03579       -0.11751        0.04592        0.08172
           9451        0.10952        0.00000       -0.08113        0.08113        0.08113
           9621        0.14952        0.04572       -0.03517        0.12662        0.08090
           9429        0.18952        0.15783        0.07843        0.23722        0.07939
           9136        0.22952        0.30232        0.22110        0.38353        0.08121
           8913        0.26952        0.44295        0.36103        0.52487        0.08192
           8787        0.30952        0.55794        0.47661        0.63926        0.08132
           8536        0.34952        0.67249        0.59216        0.75283        0.08033
           8684        0.38952        0.75850        0.67845        0.83855        0.08005
           8918        0.42952        0.83856        0.75818        0.91894        0.08038
           8988        0.46952        0.93032        0.85043        1.01022        0.07990
           9443        0.50952        1.00943        0.92922        1.08964        0.08021
           9920        0.54952        1.10093        1.02048        1.18139        0.08046
          10031        0.58952        1.21245        1.13187        1.29303        0.08058
           9855        0.62952        1.33920        1.25915        1.41925        0.08005
           8893        0.66952        1.52487        1.44326        1.60649        0.08162
           9088        0.70952        1.64457        1.56265        1.72650        0.08193
           9171        0.74952        1.78301        1.70204        1.86399        0.08098
           9207        0.78952        1.94381        1.86369        2.02393        0.08012
           9240        0.82952        2.11393        2.03025        2.19761        0.08368
           9227        0.86952        2.28240        2.19900        2.36579        0.08340
           9189        0.90952        2.44819        2.36716        2.52921        0.08102
           8981        0.94952        2.63137        2.54867        2.71408        0.08270
           8857        0.98952        2.81886        2.73563        2.90209        0.08323
           8585        1.02952        3.03344        2.95105        3.11582        0.08238
           8846        1.06952        3.24004        3.15977        3.32031        0.08027
           9450        1.10952        3.44761        3.36478        3.53045        0.08284
           9562        1.14952        3.68985        3.60685        3.77286        0.08301
           9555        1.18952        3.93916        3.85658        4.02174        0.08258
           9479        1.22952        4.20193        4.11886        4.28499        0.08306
           8921        1.26952        4.50548        4.42305        4.58791        0.08243
           8955        1.30952        4.79110        4.70749        4.87471        0.08361
           9071        1.34952        5.10716        5.02355        5.19077        0.08361
           9038        1.38952        5.46110        5.37719        5.54500        0.08390
           8808        1.42952        5.84132        5.75749        5.92516        0.08384
           8910        1.46952        6.22120        6.13884        6.30356        0.08236
           8611        1.50952        6.65592        6.57349        6.73835        0.08243
           8440        1.54952        7.10568        7.02416        7.18720        0.08152
           8855        1.58952        7.54297        7.46141        7.62453        0.08156
           9320        1.62952        8.02256        7.94091        8.10420        0.08164
           9568        1.66952        8.53840        8.45644        8.62037        0.08196
           9700        1.70952        9.07449        8.99213        9.15685        0.08236
           9615        1.74952        9.68245        9.60035        9.76455        0.08210
          10454        1.78952       10.29441       10.21081       10.37800        0.08360
          11560        1.82952       10.90938       10.82567       10.99309        0.08371
          12641        1.86952       11.54430       11.46076       11.62784        0.08354
          13707        1.90952       12.17239       12.08783       12.25694        0.08456
          13674        1.94952       12.77694       12.68894       12.86494        0.08800
          12626        1.98952       13.31755       13.22882       13.40627        0.08872
          11602        2.02952       13.72609       13.63957       13.81262        0.08652
           9874        2.06952       14.00935       13.92050       14.09820        0.08885
           7832        2.10952       14.15937       14.07277       14.24597        0.08660
           6456        2.14952       14.13033       14.04162       14.21904        0.08871
           5934        2.18952       13.90740       13.82523       13.98956        0.08216
           5574        2.22952       13.55136       13.47414       13.62859        0.07722
           5831        2.26952       13.04439       12.97201       13.11677        0.07238
           6253        2.30952       12.47644       12.40193       12.55095        0.07451
           6658        2.34952       11.87699       11.81112       11.94286        0.06587
           6366        2.38952       11.29146       11.22704       11.35587        0.06441
           6321        2.42952       10.64266       10.57925       10.70606        0.06340
           7069        2.46952        9.94343        9.87174       10.01512        0.07169
           7592        2.50952        9.33633        9.26802        9.40464        0.06831
           8615        2.54952        8.74045        8.67102        8.80988        0.06943
           9317        2.58952        8.18171        8.11358        8.24984        0.06813
           9825        2.62952        7.64117        7.56966        7.71268        0.07151
           9889        2.66952        7.12702        7.05532        7.19872        0.07170
           9574        2.70952        6.64094        6.56955        6.71232        0.07139
           8980        2.74952        6.20719        6.13872        6.27566        0.06847
           9292        2.78952        5.77480        5.70591        5.84368        0.06888
           9860        2.82952        5.38179        5.31423        5.44935        0.06756
          10093        2.86952        5.03851        4.97295        5.10408        0.06556
           9857        2.90952        4.73183        4.66592        4.79774        0.06591
           9512        2.94952        4.43432        4.36804        4.50059        0.06627
           9480        2.98952        4.12674        4.06290        4.19058        0.06384
           9746        3.02952        3.81934        3.75514        3.88353        0.06420
           9699        3.06952        3.54607        3.48187        3.61026        0.06419
           9534        3.10952        3.28682        3.22277        3.35087        0.06405
           9380        3.14952        3.04471        2.97921        3.11022        0.06550
           9559        3.18952        2.80999        2.74432        2.87567        0.06567
           9518        3.22952        2.59178        2.52591        2.65766        0.06588
           9440        3.26952        2.36560        2.29854        2.43265        0.06705
           9376        3.30952        2.15193        2.08640        2.21745        0.06553
           8930        3.34952        1.98232        1.91889        2.04575        0.06343
           9068        3.38952        1.77606        1.71250        1.83961        0.06355
           9255        3.42952        1.56898        1.50517        1.63280        0.06382
           9464        3.46952        1.37558        1.31160        1.43957        0.06399
           9010        3.50952        1.23687        1.17167        1.30207        0.06520
           9252        3.54952        1.06124        0.99790        1.12458        0.06334
           9515        3.58952        0.89749        0.83351        0.96147        0.06398
           9698        3.62952        0.73254        0.66952        0.79556        0.06302
           9539        3.66952        0.58615        0.52110        0.65121        0.06506
           9634        3.70952        0.43705        0.37253        0.50156        0.06452
           9625        3.74952        0.31488        0.25099        0.37876        0.06388
           9320        3.78952        0.21031        0.14442        0.27620        0.06589
           9603        3.82952        0.06367       -0.00183        0.12918        0.06551
           9827        3.86952       -0.06421       -0.12800       -0.00042        0.06379
           9375        3.90952       -0.13947       -0.20206       -0.07689        0.06258
           9247        3.94952       -0.22394       -0.28837       -0.15952        0.06442
           9343        3.98952       -0.30946       -0.37394       -0.24498        0.06448
           8930        4.02952       -0.36494       -0.42985       -0.30004        0.06491
           9163        4.06952       -0.48187       -0.54739       -0.41636        0.06552
           8743        4.10952       -0.55300       -0.61887       -0.48714        0.06586
           8871        4.14952       -0.63827       -0.70447       -0.57207        0.06620
           8712        4.18952       -0.69941       -0.76577       -0.63304        0.06637
           9058        4.22952       -0.79167       -0.85891       -0.72444        0.06724
           8894        4.26952       -0.83396       -0.90295       -0.76497        0.06899
           9216        4.30952       -0.90604       -0.97493       -0.83714        0.06889
           8924        4.34952       -0.97115       -1.04139       -0.90090        0.07025
           8603        4.38952       -1.05040       -1.11959       -0.98122        0.06919
           8952        4.42952       -1.15746       -1.22894       -1.08599        0.07148
           9394        4.46952       -1.25460       -1.32860       -1.18059        0.07401
           9104        4.50952       -1.30952       -1.38192       -1.23712        0.07240
           9323        4.54952       -1.39538       -1.46621       -1.32455        0.07083
           9935        4.58952       -1.48971       -1.56418       -1.41524        0.07447
           9794        4.62952       -1.53300       -1.60861       -1.45740        0.07560
           9772        4.66952       -1.58782       -1.66446       -1.51118        0.07664
           9272        4.70952       -1.61730       -1.69553       -1.53908        0.07822
           9114        4.74952       -1.67810       -1.75886       -1.59735        0.08075
           9352        4.78952       -1.76513       -1.84535       -1.68492        0.08022
           9464        4.82952       -1.82640       -1.90740       -1.74539        0.08100
           9267        4.86952       -1.86442       -1.94704       -1.78180        0.08262
           9165        4.90952       -1.93007       -2.01175       -1.84839        0.08168
           8576        4.94952       -1.98322       -2.06503       -1.90141        0.08181
           8191        4.98952       -2.04145       -2.12280       -1.96010        0.08135
           8031        5.02952       -2.09489       -2.17715       -2.01263        0.08226
           8324        5.06952       -2.16505       -2.24715       -2.08295        0.08210
           8958        5.10952       -2.24663       -2.32814       -2.16511        0.08152
           9429        5.14952       -2.32242       -2.40466       -2.24019        0.08223
           9940        5.18952       -2.42244       -2.50666       -2.33823        0.08421
          10036        5.22952       -2.50498       -2.59324       -2.41671        0.08826
           9792        5.26952       -2.52655       -2.61854       -2.43455        0.09200
           9830        5.30952       -2.48464       -2.57382       -2.39546        0.08918
          10433        5.34952       -2.40172       -2.48903       -2.31441        0.08731
          10860        5.38952       -2.30150       -2.38714       -2.21586        0.08564
           9245        5.42952       -2.16477       -2.25153       -2.07802        0.08675
           6036        5.46952       -2.02315       -2.11001       -1.93628        0.08687
           2595        5.50952       -1.81811       -1.91183       -1.72439        0.09372
            839        5.54952       -1.63686       -1.74303       -1.53068        0.10617
            171        5.58952       -1.36701       -1.53360       -1.20042        0.16659
