#       Npoints             RC            PMF         PMF-sd         PMF+sd             sd
#-----------------------------------------------------------------------------------------
           4921       -0.11373        0.70994        0.64515        0.77472        0.06479
          11045       -0.07373        0.62484        0.56217        0.68751        0.06267
          18788       -0.03373        0.55686        0.49643        0.61730        0.06044
          25770        0.00627        0.47869        0.41674        0.54064        0.06195
          29677        0.04627        0.39239        0.33110        0.45367        0.06128
          30877        0.08627        0.29266        0.23477        0.35055        0.05789
          30521        0.12627        0.20360        0.14660        0.26061        0.05700
          32829        0.16627        0.08697        0.03028        0.14367        0.05670
          34744        0.20627        0.02119       -0.03482        0.07721        0.05601
          35999        0.24627        0.00000       -0.05713        0.05713        0.05713
          33732        0.28627        0.05410       -0.00288        0.11109        0.05699
          30903        0.32627        0.14066        0.08323        0.19810        0.05743
          28683        0.36627        0.23846        0.18333        0.29359        0.05513
          27551        0.40627        0.33024        0.27431        0.38617        0.05593
          27834        0.44627        0.39977        0.34538        0.45415        0.05439
          29818        0.48627        0.44364        0.38949        0.49779        0.05415
          31417        0.52627        0.50138        0.44775        0.55501        0.05363
          31564        0.56627        0.56641        0.51260        0.62023        0.05381
          30538        0.60627        0.63034        0.57661        0.68408        0.05373
          30033        0.64627        0.68093        0.62659        0.73527        0.05434
          29379        0.68627        0.75001        0.69443        0.80558        0.05558
          29549        0.72627        0.81788        0.76427        0.87148        0.05361
          30200        0.76627        0.88441        0.83051        0.93831        0.05390
          30570        0.80627        0.95811        0.90369        1.01253        0.05442
          30037        0.84627        1.04391        0.98871        1.09911        0.05520
          29546        0.88627        1.12879        1.07422        1.18335        0.05456
          29777        0.92627        1.20142        1.14805        1.25478        0.05337
          29600        0.96627        1.28351        1.22937        1.33764        0.05413
          29494        1.00627        1.36979        1.31437        1.42521        0.05542
          29696        1.04627        1.45489        1.40071        1.50906        0.05418
          29933        1.08627        1.54312        1.48861        1.59762        0.05450
          30430        1.12627        1.63038        1.57550        1.68526        0.05488
          30358        1.16627        1.74048        1.68567        1.79529        0.05481
          31498        1.20627        1.83547        1.77996        1.89097        0.05550
          31614        1.24627        1.94406        1.88827        1.99985        0.05579
          31819        1.28627        2.03839        1.98359        2.09319        0.05480
          30425        1.32627        2.15894        2.10361        2.21427        0.05533
          29126        1.36627        2.28525        2.22887        2.34162        0.05638
          29651        1.40627        2.38652        2.32853        2.44452        0.05799
          29530        1.44627        2.51425        2.45805        2.57045        0.05620
          30230        1.48627        2.62768        2.57109        2.68427        0.05659
          29406        1.52627        2.76723        2.71039        2.82408        0.05685
          29949        1.56627        2.87883        2.82053        2.93713        0.05830
          30206        1.60627        3.00091        2.94313        3.05869        0.05778
          30322        1.64627        3.13339        3.07529        3.19150        0.05810
          30246        1.68627        3.27846        3.21989        3.33703        0.05857
          29826        1.72627        3.44258        3.38460        3.50055        0.05798
          30263        1.76627        3.59680        3.53797        3.65563        0.05883
          30619        1.80627        3.75206        3.69376        3.81037        0.05830
          30259        1.84627        3.92333        3.86519        3.98148        0.05814
          31508        1.88627        4.07746        4.01820        4.13672        0.05926
          31969        1.92627        4.25003        4.18998        4.31008        0.06005
          31213        1.96627        4.44163        4.38221        4.50105        0.05942
          30348        2.00627        4.64139        4.58276        4.70001        0.05863
          29757        2.04627        4.84683        4.78673        4.90693        0.06010
          29556        2.08627        5.05561        4.99687        5.11436        0.05874
          29771        2.12627        5.26849        5.20805        5.32894        0.06045
          30429        2.16627        5.48773        5.42565        5.54980        0.06207
          30492        2.20627        5.72927        5.66754        5.79100        0.06173
          29682        2.24627        5.99278        5.93151        6.05405        0.06127
          30373        2.28627        6.23140        6.16841        6.29438        0.06298
          31340        2.32627        6.47548        6.41224        6.53873        0.06325
          30813        2.36627        6.76104        6.69703        6.82506        0.06402
          29881        2.40627        7.07702        7.01310        7.14094        0.06392
          30409        2.44627        7.38974        7.32635        7.45313        0.06339
          30748        2.48627        7.73316        7.67024        7.79609        0.06293
          30954        2.52627        8.10298        8.04075        8.16521        0.06223
          31063        2.56627        8.49785        8.43254        8.56316        0.06531
          29755        2.60627        8.93852        8.87392        9.00312        0.06460
          28184        2.64627        9.41661        9.35132        9.48190        0.06529
          28804        2.68627        9.90912        9.84251        9.97573        0.06661
          28604        2.72627       10.47114       10.40508       10.53720        0.06606
          27414        2.76627       11.07233       11.00543       11.13924        0.06691
          26532        2.80627       11.72094       11.65550       11.78639        0.06544
          28937        2.84627       12.41667       12.35182       12.48153        0.06485
          30369        2.88627       13.21257       13.14736       13.27777        0.06521
          28716        2.92627       14.10108       14.03468       14.16748        0.06640
          30137        2.96627       15.06678       14.99906       15.13450        0.06772
          35734        3.00627       16.14392       16.07434       16.21351        0.06958
          42268        3.04627       17.31438       17.24352       17.38524        0.07086
          52641        3.08627       18.61475       18.54950       18.67999        0.06524
          61460        3.12627       20.03166       19.97012       20.09320        0.06154
          63859        3.16627       21.51518       21.45361       21.57675        0.06157
          53431        3.20627       23.00745       22.95056       23.06434        0.05689
          32904        3.24627       24.34449       24.28988       24.39910        0.05461
          16590        3.28627       25.41341       25.35688       25.46994        0.05653
          10330        3.32627       26.04700       25.99303       26.10096        0.05397
           8949        3.36627       26.25040       26.20146       26.29934        0.04894
          10114        3.40627       26.05354       26.00847       26.09861        0.04507
          13235        3.44627       25.50861       25.44893       25.56828        0.05967
          15084        3.48627       24.87148       24.78243       24.96054        0.08906
          17492        3.52627       24.22075       24.11285       24.32865        0.10790
          20425        3.56627       23.61340       23.52134       23.70546        0.09206
          24446        3.60627       22.94317       22.85429       23.03205        0.08888
          27279        3.64627       22.26079       22.17234       22.34923        0.08844
          28448        3.68627       21.63739       21.55079       21.72399        0.08660
          30504        3.72627       21.06577       20.97905       21.15248        0.08671
          31307        3.76627       20.57192       20.48591       20.65792        0.08600
          32522        3.80627       20.10113       20.01434       20.18792        0.08679
          31220        3.84627       19.70907       19.62138       19.79676        0.08769
          32389        3.88627       19.30185       19.21534       19.38836        0.08651
          32597        3.92627       18.93593       18.84890       19.02297        0.08703
          31758        3.96627       18.61228       18.52551       18.69906        0.08678
          32200        4.00627       18.28560       18.19867       18.37253        0.08693
          31685        4.04627       17.99674       17.91040       18.08308        0.08634
          31856        4.08627       17.72270       17.63587       17.80953        0.08683
          32538        4.12627       17.46317       17.37677       17.54956        0.08639
          31504        4.16627       17.24894       17.16273       17.33515        0.08621
          30974        4.20627       17.03644       16.94893       17.12395        0.08751
          30577        4.24627       16.82903       16.74086       16.91720        0.08817
          30016        4.28627       16.63258       16.54536       16.71980        0.08722
          30064        4.32627       16.43744       16.35179       16.52309        0.08565
          30454        4.36627       16.25247       16.16620       16.33874        0.08627
          30603        4.40627       16.08271       15.99537       16.17004        0.08734
          31669        4.44627       15.89771       15.81112       15.98429        0.08659
          30785        4.48627       15.75584       15.66934       15.84234        0.08650
          29349        4.52627       15.62488       15.53885       15.71092        0.08603
          29093        4.56627       15.46948       15.38537       15.55360        0.08411
          29415        4.60627       15.31077       15.22633       15.39522        0.08444
          29269        4.64627       15.17486       15.09129       15.25843        0.08357
          30288        4.68627       15.02262       14.93844       15.10680        0.08418
          30007        4.72627       14.89751       14.81253       14.98249        0.08498
          30055        4.76627       14.76375       14.67855       14.84895        0.08520
          30491        4.80627       14.62101       14.53548       14.70654        0.08553
          30200        4.84627       14.49818       14.41358       14.58278        0.08460
          31286        4.88627       14.35882       14.27319       14.44445        0.08563
          30992        4.92627       14.25219       14.16533       14.33905        0.08686
          31216        4.96627       14.13206       14.04651       14.21760        0.08554
          31151        5.00627       14.01670       13.93026       14.10314        0.08644
          31264        5.04627       13.90359       13.81548       13.99171        0.08812
          31885        5.08627       13.78920       13.70163       13.87676        0.08757
          31163        5.12627       13.71441       13.62688       13.80193        0.08752
          31089        5.16627       13.64797       13.56248       13.73346        0.08549
          30264        5.20627       13.60490       13.51815       13.69165        0.08675
          28270        5.24627       13.58831       13.50214       13.67447        0.08616
          25001        5.28627       13.60382       13.51730       13.69034        0.08652
          24033        5.32627       13.55882       13.47233       13.64531        0.08649
          22301        5.36627       13.50323       13.41783       13.58864        0.08540
          17770        5.40627       13.46816       13.38227       13.55405        0.08589
          11851        5.44627       13.44689       13.35802       13.53575        0.08886
           6618        5.48627       13.42242       13.33132       13.51353        0.09110
           3061        5.52627       13.39246       13.29510       13.48982        0.09736
           1275        5.56627       13.30295       13.18997       13.41593        0.11298
