40
    0.10248E+01    0.23045E+01    0.32584E+01   -0.40697E+00    0.53891E-01
    0.10941E+01    0.22108E+01    0.32500E+01   -0.42898E+00    0.37012E-01
    0.10948E+01    0.21689E+01    0.32104E+01   -0.42542E+00    0.41576E-01
    0.10926E+01    0.21305E+01    0.31717E+01   -0.42211E+00    0.49305E-01
    0.10938E+01    0.20795E+01    0.31288E+01   -0.41953E+00    0.60165E-01
    0.10968E+01    0.20296E+01    0.30837E+01   -0.41867E+00    0.72880E-01
    0.10975E+01    0.19776E+01    0.30377E+01   -0.41375E+00    0.90469E-01
    0.10992E+01    0.19201E+01    0.29875E+01   -0.40801E+00    0.11627E+00
    0.11078E+01    0.18569E+01    0.29376E+01   -0.40008E+00    0.14931E+00
    0.11234E+01    0.17938E+01    0.28920E+01   -0.38933E+00    0.18406E+00
    0.11540E+01    0.17133E+01    0.28441E+01   -0.36878E+00    0.23075E+00
    0.12009E+01    0.16303E+01    0.28088E+01   -0.34636E+00    0.27073E+00
    0.12440E+01    0.15685E+01    0.27916E+01   -0.33015E+00    0.29619E+00
    0.13158E+01    0.14856E+01    0.27816E+01   -0.30505E+00    0.32239E+00
    0.13652E+01    0.14329E+01    0.27779E+01   -0.29027E+00    0.33527E+00
    0.14207E+01    0.13764E+01    0.27775E+01   -0.27460E+00    0.34690E+00
    0.14709E+01    0.13284E+01    0.27788E+01   -0.25930E+00    0.35742E+00
    0.15361E+01    0.12734E+01    0.27891E+01   -0.23406E+00    0.36667E+00
    0.16458E+01    0.11939E+01    0.28157E+01   -0.18678E+00    0.37795E+00
    0.17433E+01    0.11432E+01    0.28549E+01   -0.13714E+00    0.38684E+00
    0.18232E+01    0.11168E+01    0.28971E+01   -0.96626E-01    0.39117E+00
    0.18890E+01    0.11057E+01    0.29342E+01   -0.68136E-01    0.39662E+00
    0.19498E+01    0.11009E+01    0.29732E+01   -0.47274E-01    0.40215E+00
    0.20110E+01    0.10984E+01    0.30107E+01   -0.31833E-01    0.40536E+00
    0.20716E+01    0.10980E+01    0.30469E+01   -0.21975E-01    0.40904E+00
    0.21253E+01    0.10988E+01    0.30842E+01   -0.15071E-01    0.41367E+00
    0.21728E+01    0.10996E+01    0.31223E+01   -0.10194E-01    0.41854E+00
    0.22226E+01    0.11007E+01    0.31607E+01   -0.78922E-02    0.42032E+00
    0.22704E+01    0.11016E+01    0.31978E+01   -0.65109E-02    0.42397E+00
    0.23190E+01    0.11026E+01    0.32355E+01   -0.52105E-02    0.42661E+00
    0.23706E+01    0.11039E+01    0.32680E+01   -0.57420E-02    0.43332E+00
    0.24089E+01    0.11066E+01    0.32959E+01   -0.78140E-02    0.44756E+00
    0.24544E+01    0.11085E+01    0.33243E+01   -0.78293E-02    0.45857E+00
    0.24998E+01    0.11117E+01    0.33492E+01   -0.83566E-02    0.47598E+00
    0.25550E+01    0.11135E+01    0.33798E+01   -0.89634E-02    0.48556E+00
    0.26119E+01    0.11142E+01    0.34170E+01   -0.73023E-02    0.49178E+00
    0.26755E+01    0.11126E+01    0.34554E+01   -0.59357E-02    0.49413E+00
    0.27175E+01    0.11094E+01    0.34995E+01   -0.60100E-02    0.49380E+00
    0.27340E+01    0.10863E+01    0.35471E+01   -0.55538E-02    0.49420E+00
    0.27203E+01    0.10315E+01    0.35450E+01   -0.31593E-02    0.49484E+00
