32
  1.11212e+00  2.91316e+00  3.65019e+00  3.54098e+00 -4.36823e-01  1.84068e-02
  1.10708e+00  2.80634e+00  3.54550e+00  3.55405e+00 -4.29041e-01  9.69610e-03
  1.11290e+00  2.71369e+00  3.50215e+00  3.55854e+00 -4.26237e-01  2.21139e-02
  1.13635e+00  2.64228e+00  3.46608e+00  3.55623e+00 -4.35439e-01  4.71568e-02
  1.11524e+00  2.50435e+00  3.33185e+00  3.57671e+00 -4.18293e-01  2.62991e-02
  1.12426e+00  2.42589e+00  3.29637e+00  3.57086e+00 -4.27780e-01  3.02309e-02
  1.12381e+00  2.32625e+00  3.22734e+00  3.57469e+00 -4.23064e-01  2.74725e-02
  1.16074e+00  2.26618e+00  3.20825e+00  3.57317e+00 -4.19568e-01  4.83464e-02
  1.14775e+00  2.15312e+00  3.13389e+00  3.55155e+00 -4.35384e-01  5.47434e-02
  1.14308e+00  2.04678e+00  3.04751e+00  3.53723e+00 -4.11807e-01  3.87591e-02
  1.15597e+00  1.96105e+00  2.99490e+00  3.51885e+00 -4.12634e-01  5.12993e-02
  1.16452e+00  1.87004e+00  2.93351e+00  3.50032e+00 -4.08493e-01  7.20302e-02
  1.19041e+00  1.79551e+00  2.89520e+00  3.48463e+00 -4.09858e-01  8.90386e-02
  1.19275e+00  1.69886e+00  2.81587e+00  3.44899e+00 -3.88615e-01  9.71460e-02
  1.23318e+00  1.64283e+00  2.80120e+00  3.44624e+00 -3.81548e-01  1.17884e-01
  1.25028e+00  1.55676e+00  2.74972e+00  3.41518e+00 -3.70894e-01  1.44643e-01
  1.27515e+00  1.48175e+00  2.70554e+00  3.39706e+00 -3.43301e-01  1.74264e-01
  1.31537e+00  1.41977e+00  2.69103e+00  3.37488e+00 -3.17197e-01  2.05639e-01
  1.36298e+00  1.36902e+00  2.68807e+00  3.37343e+00 -3.00878e-01  2.24015e-01
  1.41049e+00  1.31218e+00  2.68545e+00  3.34544e+00 -2.60574e-01  2.63212e-01
  1.46587e+00  1.26727e+00  2.69512e+00  3.34343e+00 -2.34884e-01  2.78886e-01
  1.53079e+00  1.22914e+00  2.72046e+00  3.32140e+00 -1.76800e-01  3.36796e-01
  1.60653e+00  1.20443e+00  2.76529e+00  3.31145e+00 -1.42289e-01  3.64287e-01
  1.67552e+00  1.17267e+00  2.80202e+00  3.30464e+00 -1.08194e-01  3.63426e-01
  1.76772e+00  1.16103e+00  2.87727e+00  3.31247e+00 -8.27760e-02  3.92604e-01
  1.82717e+00  1.12571e+00  2.89996e+00  3.31110e+00 -5.66403e-02  3.94106e-01
  1.91462e+00  1.11565e+00  2.96983e+00  3.30973e+00 -1.57903e-02  3.81671e-01
  1.98517e+00  1.08351e+00  3.00506e+00  3.31002e+00  1.23818e-02  3.81912e-01
  2.10963e+00  1.11493e+00  3.12727e+00  3.36401e+00 -7.05301e-03  4.22407e-01
  2.19847e+00  1.09920e+00  3.18600e+00  3.37002e+00 -1.21446e-02  4.37431e-01
  2.29008e+00  1.09161e+00  3.25509e+00  3.36753e+00  1.82964e-02  4.22273e-01
  2.38055e+00  1.08287e+00  3.33131e+00  3.39945e+00  3.87842e-03  4.29975e-01
