             RC        PMF_xtb_orig    Correction     CorrPMF_def2tzvp
       -0.18178        0.87974         -0.4091106      0.4706294
       -0.14178        0.70708        -0.28141561     0.42566439
       -0.10178        0.54538        -0.17148688     0.37389312
       -0.06178        0.42281       -0.078092366     0.34471763
       -0.02178        0.32757                0.0        0.32757
        0.01822        0.23725        0.064022277     0.30127228
        0.05822        0.13577         0.11520653     0.25097653
        0.09822        0.08217         0.15478481     0.23695481
        0.13822        0.03513         0.18398918     0.21911918
        0.17822        0.01811         0.20405171     0.22216171
        0.21822            0.0         0.21620445     0.21620445
        0.25822        0.01157         0.22167947     0.23324947
        0.29822        0.04209         0.22170883     0.26379883
        0.33822        0.09775         0.21752458     0.31527458
        0.37822        0.12122         0.21035878     0.33157878
        0.41822        0.13292         0.20144351     0.33436351
        0.45822        0.13456         0.19201081     0.32657081
        0.49822        0.15751         0.18329275     0.34080275
        0.53822        0.18028          0.1765214      0.3568014
        0.57822        0.19562          0.1729288      0.3685488
        0.61822        0.19949         0.17374702     0.37323702
        0.65822        0.18662         0.18020813     0.36682813
        0.69822        0.19512         0.19354417     0.38866417
        0.73822        0.24027         0.21498722     0.45525722
        0.77822        0.21646         0.24576934     0.46222934
        0.81822        0.22146         0.28712257     0.50858257
        0.85822        0.21039           0.340279       0.550669
        0.89822        0.22804         0.40647066     0.63451066
        0.93822        0.26738         0.48692964     0.75430964
        0.97822        0.28537         0.58288798     0.86825798
        1.01822        0.29934         0.69557775     0.99491775
        1.05822        0.34448           0.826231       1.170711
        1.09822        0.35899         0.97607981      1.3350698
        1.13822         0.3713          1.1463562      1.5176562
        1.17822        0.37148          1.3382923      1.7097723
        1.21822         0.3987          1.5531201      1.9518201
        1.25822        0.43742          1.7920717      2.2294917
        1.29822        0.43212          2.0563792      2.4884992
        1.33822        0.42602          2.3472746      2.7732946
        1.37822        0.42155          2.6659899      3.0875399
        1.41822        0.46457          3.0137573      3.4783273
        1.45822        0.46189          3.3918087      3.8536987
        1.49822        0.51556          3.8008968      4.3164568
        1.53822        0.58541          4.2374462      4.8228562
        1.57822        0.65209          4.6955869      5.3476769
        1.61822        0.71955           5.169428       5.888978
        1.65822        0.77694          5.6530782      6.4300182
        1.69822         0.8273          6.1406466      6.9679466
        1.73822        0.90641           6.626242       7.532652
        1.77822        0.97074          7.1039734      8.0747134
        1.81822        1.05912          7.5679497      8.6270697
        1.85822        1.15241          8.0122798      9.1646898
        1.89822        1.21578          8.4310726      9.6468526
        1.93822        1.30132          8.8184371      10.119757
        1.97822        1.41036          9.1684822      10.578842
        2.01822        1.54395          9.4753169      11.019267
        2.05822        1.72347          9.7330499       11.45652
        2.09822        1.87763          9.9357903       11.81342
        2.13822        2.06329          10.077647      12.140937
        2.17822          2.177           10.15273       12.32973
        2.21822        2.25207          10.157471      12.409541
        2.25822        2.23731          10.095484      12.332794
        2.29822        2.14396          9.9717678      12.115728
        2.33822        1.99099          9.7913207      11.782311
        2.37822        1.87126          9.5591414      11.430401
        2.41822        1.79837          9.2802286      11.078599
        2.45822        1.66191          8.9595809      10.621491
        2.49822        1.54147          8.6021968      10.143667
        2.53822        1.39327          8.2130751      9.6063451
        2.57822        1.31141          7.7972144      9.1086244
        2.61822        1.23265          7.3596132      8.5922632
        2.65822        1.13932          6.9052702      8.0445902
        2.69822        1.03304           6.439184       7.472224
        2.73822        0.99904          5.9663533      6.9653933
        2.77822        0.88827          5.4917766      6.3800466
        2.81822        0.78064          5.0204526      5.8010926
        2.85822        0.69116          4.5573798      5.2485398
        2.89822        0.60851          4.1070063      4.7155163
        2.93822        0.51702          3.6703536      4.1873736
        2.97822        0.48206          3.2471275      3.7291875
        3.01822        0.41548          2.8370311      3.2525111
        3.05822        0.34478          2.4397675      2.7845475
        3.09822         0.2823          2.0550397      2.3373397
        3.13822        0.21683          1.6825509      1.8993809
        3.17822        0.14085          1.3220041      1.4628541
        3.21822        0.05316          0.9731025      1.0262625
        3.25822        0.00551         0.63554912     0.64105912
        3.29822       -0.04276         0.30904707     0.26628707
        3.33822       -0.09066      -0.0067005658   -0.097360566
        3.37822       -0.15111        -0.31199069    -0.46310069
        3.41822       -0.22123        -0.60712021    -0.82835021
        3.45822       -0.28326        -0.89238605      -1.175646
        3.49822       -0.36662         -1.1680851     -1.5347051
        3.53822       -0.45357         -1.4345143     -1.8880843
        3.57822       -0.54805         -1.6919705     -2.2400205
        3.61822       -0.59462         -1.9407506     -2.5353706
        3.65822       -0.64617         -2.1811516     -2.8273216
        3.69822       -0.66674         -2.4134704     -3.0802104
        3.73822       -0.73116         -2.6380038     -3.3691638
        3.77822       -0.79271         -2.8550488     -3.6477588
        3.81822       -0.81896         -3.0649023     -3.8838623
        3.85822       -0.82245         -3.2678612     -4.0903112
        3.89822       -0.84204         -3.4642224     -4.3062624
        3.93822       -0.90108         -3.6542828     -4.5553628
        3.97822       -0.94263         -3.8383393     -4.7809693
        4.01822       -0.96686         -4.0166889     -4.9835489
        4.05822       -1.00069         -4.1896284     -5.1903184
        4.09822       -1.01113         -4.3574547     -5.3685847
        4.13822       -1.02908         -4.5204648     -5.5495448
        4.17822       -1.05319         -4.6789556     -5.7321456
        4.21822       -1.03699         -4.8332239     -5.8702139
        4.25822        -1.0247         -4.9835667     -6.0082667
        4.29822       -1.02551         -5.1302809     -6.1557909
        4.33822       -1.00841          -5.273659      -6.282069
        4.37822       -1.02765         -5.4137229     -6.4413729
        4.41822       -1.04961         -5.5500732     -6.5996832
        4.45822       -1.03518         -5.6822738     -6.7174538
        4.49822       -1.04568         -5.8098887     -6.8555687
        4.53822       -1.05537         -5.9324817     -6.9878517
        4.57822       -1.02781         -6.0496169     -7.0774269
        4.61822       -1.01564         -6.1608582     -7.1764982
        4.65822       -0.98048         -6.2657695     -7.2462495
        4.69822        -1.0012         -6.3639148     -7.3651148
        4.73822       -1.01533         -6.4548581     -7.4701881
        4.77822       -1.01078         -6.5381632     -7.5489432
        4.81822       -0.98343         -6.6133941     -7.5968241
        4.85822       -0.95276         -6.6801148     -7.6328748
        4.89822        -0.9312         -6.7378892     -7.6690892
        4.93822       -0.90152         -6.7862812     -7.6878012
        4.97822       -0.89225         -6.8248549     -7.7171049
        5.01822       -0.88084         -6.8531741     -7.7340141
        5.05822       -0.87255         -6.8708028     -7.7433528
        5.09822        -0.8398         -6.8773049     -7.7171049
        5.13822       -0.81315         -6.8722444     -7.6853944
        5.17822       -0.81623         -6.8551853     -7.6714153
        5.21822       -0.79125         -6.8256914     -7.6169414
        5.25822       -0.78964         -6.7833268     -7.5729668
        5.29822       -0.79016         -6.7276553     -7.5178153
        5.33822       -0.80072          -6.658241      -7.458961
        5.37822       -0.77287         -6.5746477     -7.3475177
        5.41822       -0.74078         -6.4764394     -7.2172194
        5.45822       -0.77369         -6.3631801     -7.1368701
        5.49822       -0.73318         -6.2344337     -6.9676137
        5.53822       -0.65922         -6.0897641     -6.7489841
        5.57822        -0.5926         -5.9287353     -6.5213353
        5.61822       -0.52623         -5.7509112     -6.2771412
        5.65822       -0.43249         -5.5558559     -5.9883459
        5.69822       -0.35052         -5.3431331     -5.6936531
        5.73822       -0.20473          -5.112307      -5.317037
        5.77822       -0.16558         -4.8629413     -5.0285213
        5.81822        -0.0116         -4.5946002     -4.6062002
        5.85822        -0.0431         -4.3068474     -4.3499474
        5.89822       -0.05754          -3.999247      -4.056787
